
📍 Ma trận tương quan - Trạm 'Hà Nội: 556 Nguyễn Văn Cừ (KK)' - Giờ 0.0:00

              AQI  PM2.5  PM10    CO   NO2    O3   SO2  Temperature  Humidity  Pressure  Wind Speed
AQI          1.00   1.00  0.93 -0.24 -0.13 -0.15 -0.29        -0.06      0.41      0.09       -0.12
PM2.5        1.00   1.00  0.93 -0.24 -0.13 -0.13 -0.29        -0.11      0.48      0.12       -0.11
PM10         0.93   0.93  1.00 -0.08 -0.07 -0.09 -0.20         0.02      0.30     -0.02       -0.14
CO          -0.24  -0.24 -0.08  1.00 -0.03  0.05  0.48         0.10     -0.06     -0.15       -0.15
NO2         -0.13  -0.13 -0.07 -0.03  1.00 -0.27 -0.38        -0.11     -0.13     -0.03        0.22
O3          -0.15  -0.13 -0.09  0.05 -0.27  1.00  0.93         0.44     -0.01     -0.29       -0.17
SO2         -0.29  -0.29 -0.20  0.48 -0.38  0.93  1.00         0.39     -0.19     -0.22       -0.62
Temperature -0.06  -0.11  0.02  0.10 -0.11  0.44  0.39         1.00     -0.44     -0.70       -0.07
Humidity     0.41   0.48  0.30 -0.06 -0.13 -0.01 -0.19        -0.44      1.00      0.33       -0.10
Pressure     0.09   0.12 -0.02 -0.15 -0.03 -0.29 -0.22        -0.70      0.33      1.00       -0.12
Wind Speed  -0.12  -0.11 -0.14 -0.15  0.22 -0.17 -0.62        -0.07     -0.10     -0.12        1.00

====================================================================================================

📍 Ma trận tương quan - Trạm 'Hà Nội: 556 Nguyễn Văn Cừ (KK)' - Giờ 1.0:00

              AQI  PM2.5  PM10    CO   NO2    O3   SO2  Temperature  Humidity  Pressure  Wind Speed
AQI          1.00   1.00  0.95  0.09  0.10 -0.19 -0.33        -0.15      0.44      0.21       -0.22
PM2.5        1.00   1.00  0.94  0.08  0.14 -0.17 -0.30        -0.19      0.50      0.25       -0.21
PM10         0.95   0.94  1.00  0.18  0.08 -0.11 -0.21        -0.10      0.34      0.13       -0.21
CO           0.09   0.08  0.18  1.00 -0.39  0.06  0.52         0.17      0.03     -0.16       -0.44
NO2          0.10   0.14  0.08 -0.39  1.00 -0.27 -0.76        -0.17     -0.02      0.33        0.09
O3          -0.19  -0.17 -0.11  0.06 -0.27  1.00  0.90         0.48     -0.03     -0.42        0.02
SO2         -0.33  -0.30 -0.21  0.52 -0.76  0.90  1.00         0.26     -0.15     -0.28       -0.66
Temperature -0.15  -0.19 -0.10  0.17 -0.17  0.48  0.26         1.00     -0.33     -0.76        0.21
Humidity     0.44   0.50  0.34  0.03 -0.02 -0.03 -0.15        -0.33      1.00      0.32       -0.15
Pressure     0.21   0.25  0.13 -0.16  0.33 -0.42 -0.28        -0.76      0.32      1.00       -0.20
Wind Speed  -0.22  -0.21 -0.21 -0.44  0.09  0.02 -0.66         0.21     -0.15     -0.20        1.00

====================================================================================================

📍 Ma trận tương quan - Trạm 'Hà Nội: 556 Nguyễn Văn Cừ (KK)' - Giờ 2.0:00

              AQI  PM2.5  PM10    CO   NO2    O3   SO2  Temperature  Humidity  Pressure  Wind Speed
AQI          1.00   1.00  0.95  0.29 -0.38 -0.17 -0.16        -0.15      0.37      0.23       -0.29
PM2.5        1.00   1.00  0.95  0.29 -0.37 -0.17 -0.16        -0.16      0.39      0.24       -0.29
PM10         0.95   0.95  1.00  0.33 -0.52 -0.04 -0.04        -0.03      0.24      0.10       -0.26
CO           0.29   0.29  0.33  1.00 -0.33  0.01  0.34         0.18     -0.00     -0.16       -0.38
NO2         -0.38  -0.37 -0.52 -0.33  1.00 -0.59 -0.70        -0.27     -0.05      0.28        0.14
O3          -0.17  -0.17 -0.04  0.01 -0.59  1.00  0.97         0.55     -0.04     -0.46       -0.05
SO2         -0.16  -0.16 -0.04  0.34 -0.70  0.97  1.00         0.30     -0.50     -0.25       -0.66
Temperature -0.15  -0.16 -0.03  0.18 -0.27  0.55  0.30         1.00     -0.38     -0.78        0.11
Humidity     0.37   0.39  0.24 -0.00 -0.05 -0.04 -0.50        -0.38      1.00      0.31       -0.17
Pressure     0.23   0.24  0.10 -0.16  0.28 -0.46 -0.25        -0.78      0.31      1.00       -0.21
Wind Speed  -0.29  -0.29 -0.26 -0.38  0.14 -0.05 -0.66         0.11     -0.17     -0.21        1.00

====================================================================================================

📍 Ma trận tương quan - Trạm 'Hà Nội: 556 Nguyễn Văn Cừ (KK)' - Giờ 3.0:00

              AQI  PM2.5  PM10    CO   NO2    O3   SO2  Temperature  Humidity  Pressure  Wind Speed
AQI          1.00   1.00  0.96  0.41 -0.38 -0.23 -0.15        -0.18      0.30      0.27       -0.40
PM2.5        1.00   1.00  0.96  0.41 -0.37 -0.23 -0.15        -0.18      0.30      0.27       -0.40
PM10         0.96   0.96  1.00  0.45 -0.46 -0.15 -0.07        -0.10      0.19      0.15       -0.35
CO           0.41   0.41  0.45  1.00 -0.38 -0.08  0.28         0.07      0.06     -0.12       -0.44
NO2         -0.38  -0.37 -0.46 -0.38  1.00 -0.59 -0.93        -0.27     -0.00      0.33        0.21
O3          -0.23  -0.23 -0.15 -0.08 -0.59  1.00  0.95         0.55     -0.08     -0.46        0.16
SO2         -0.15  -0.15 -0.07  0.28 -0.93  0.95  1.00         0.18     -0.40     -0.27       -0.54
Temperature -0.18  -0.18 -0.10  0.07 -0.27  0.55  0.18         1.00     -0.42     -0.74        0.33
Humidity     0.30   0.30  0.19  0.06 -0.00 -0.08 -0.40        -0.42      1.00      0.22       -0.22
Pressure     0.27   0.27  0.15 -0.12  0.33 -0.46 -0.27        -0.74      0.22      1.00       -0.38
Wind Speed  -0.40  -0.40 -0.35 -0.44  0.21  0.16 -0.54         0.33     -0.22     -0.38        1.00

====================================================================================================

📍 Ma trận tương quan - Trạm 'Hà Nội: 556 Nguyễn Văn Cừ (KK)' - Giờ 4.0:00

              AQI  PM2.5  PM10    CO   NO2    O3   SO2  Temperature  Humidity  Pressure  Wind Speed
AQI          1.00   1.00  0.97  0.35 -0.17 -0.27 -0.27        -0.17      0.37      0.26       -0.46
PM2.5        1.00   1.00  0.97  0.35 -0.16 -0.27 -0.28        -0.17      0.35      0.27       -0.45
PM10         0.97   0.97  1.00  0.42 -0.21 -0.26 -0.25        -0.12      0.29      0.18       -0.44
CO           0.35   0.35  0.42  1.00 -0.50 -0.12  0.22         0.07      0.10     -0.15       -0.16
NO2         -0.17  -0.16 -0.21 -0.50  1.00 -0.66 -0.99        -0.27      0.02      0.30        0.08
O3          -0.27  -0.27 -0.26 -0.12 -0.66  1.00  0.96         0.62     -0.08     -0.48        0.22
SO2         -0.27  -0.28 -0.25  0.22 -0.99  0.96  1.00         0.06     -0.56     -0.24       -0.40
Temperature -0.17  -0.17 -0.12  0.07 -0.27  0.62  0.06         1.00     -0.21     -0.71        0.39
Humidity     0.37   0.35  0.29  0.10  0.02 -0.08 -0.56        -0.21      1.00      0.13       -0.16
Pressure     0.26   0.27  0.18 -0.15  0.30 -0.48 -0.24        -0.71      0.13      1.00       -0.39
Wind Speed  -0.46  -0.45 -0.44 -0.16  0.08  0.22 -0.40         0.39     -0.16     -0.39        1.00

====================================================================================================

📍 Ma trận tương quan - Trạm 'Hà Nội: 556 Nguyễn Văn Cừ (KK)' - Giờ 5.0:00

              AQI  PM2.5  PM10    CO   NO2    O3   SO2  Temperature  Humidity  Pressure  Wind Speed
AQI          1.00   1.00  0.97  0.21  0.05 -0.35 -0.41        -0.22      0.30      0.30       -0.34
PM2.5        1.00   1.00  0.98  0.20  0.06 -0.34 -0.43        -0.21      0.28      0.30       -0.32
PM10         0.97   0.98  1.00  0.27  0.00 -0.31 -0.40        -0.17      0.22      0.23       -0.32
CO           0.21   0.20  0.27  1.00 -0.55 -0.03  0.26         0.07      0.06     -0.31       -0.27
NO2          0.05   0.06  0.00 -0.55  1.00 -0.61 -0.70        -0.26      0.07      0.37        0.04
O3          -0.35  -0.34 -0.31 -0.03 -0.61  1.00  0.97         0.59     -0.06     -0.52        0.20
SO2         -0.41  -0.43 -0.40  0.26 -0.70  0.97  1.00         0.21     -0.54     -0.28       -0.46
Temperature -0.22  -0.21 -0.17  0.07 -0.26  0.59  0.21         1.00     -0.19     -0.72        0.29
Humidity     0.30   0.28  0.22  0.06  0.07 -0.06 -0.54        -0.19      1.00      0.22        0.01
Pressure     0.30   0.30  0.23 -0.31  0.37 -0.52 -0.28        -0.72      0.22      1.00       -0.31
Wind Speed  -0.34  -0.32 -0.32 -0.27  0.04  0.20 -0.46         0.29      0.01     -0.31        1.00

====================================================================================================

📍 Ma trận tương quan - Trạm 'Hà Nội: 556 Nguyễn Văn Cừ (KK)' - Giờ 6.0:00

              AQI  PM2.5  PM10    CO   NO2    O3   SO2  Temperature  Humidity  Pressure  Wind Speed
AQI          1.00   1.00  0.97  0.19  0.16 -0.41 -0.43        -0.36      0.26      0.30       -0.16
PM2.5        1.00   1.00  0.97  0.19  0.17 -0.40 -0.44        -0.34      0.24      0.31       -0.12
PM10         0.97   0.97  1.00  0.29  0.08 -0.30 -0.39        -0.22      0.16      0.21       -0.10
CO           0.19   0.19  0.29  1.00 -0.46  0.05  0.23         0.20     -0.23     -0.24       -0.35
NO2          0.16   0.17  0.08 -0.46  1.00 -0.54 -0.73        -0.28      0.10      0.39        0.14
O3          -0.41  -0.40 -0.30  0.05 -0.54  1.00  0.98         0.55     -0.08     -0.47        0.17
SO2         -0.43  -0.44 -0.39  0.23 -0.73  0.98  1.00         0.14     -0.35     -0.26       -0.40
Temperature -0.36  -0.34 -0.22  0.20 -0.28  0.55  0.14         1.00     -0.33     -0.73        0.25
Humidity     0.26   0.24  0.16 -0.23  0.10 -0.08 -0.35        -0.33      1.00      0.24       -0.02
Pressure     0.30   0.31  0.21 -0.24  0.39 -0.47 -0.26        -0.73      0.24      1.00       -0.10
Wind Speed  -0.16  -0.12 -0.10 -0.35  0.14  0.17 -0.40         0.25     -0.02     -0.10        1.00

====================================================================================================

📍 Ma trận tương quan - Trạm 'Hà Nội: 556 Nguyễn Văn Cừ (KK)' - Giờ 8.0:00

              AQI  PM2.5  PM10    CO   NO2    O3   SO2  Temperature  Humidity  Pressure  Wind Speed
AQI          1.00   1.00  0.97 -0.05 -0.01 -0.23 -0.45         0.01     -0.18      0.02       -0.05
PM2.5        1.00   1.00  0.97 -0.06 -0.04 -0.23 -0.47         0.01     -0.19      0.03       -0.04
PM10         0.97   0.97  1.00 -0.05 -0.14 -0.17 -0.45         0.17     -0.27     -0.11       -0.03
CO          -0.05  -0.06 -0.05  1.00  0.01  0.04  0.33        -0.05      0.16     -0.30        0.11
NO2         -0.01  -0.04 -0.14  0.01  1.00 -0.43 -0.44        -0.30      0.14      0.14       -0.14
O3          -0.23  -0.23 -0.17  0.04 -0.43  1.00  0.95         0.45     -0.04     -0.37       -0.01
SO2         -0.45  -0.47 -0.45  0.33 -0.44  0.95  1.00         0.06      0.21     -0.44       -0.46
Temperature  0.01   0.01  0.17 -0.05 -0.30  0.45  0.06         1.00     -0.59     -0.81        0.16
Humidity    -0.18  -0.19 -0.27  0.16  0.14 -0.04  0.21        -0.59      1.00      0.37       -0.28
Pressure     0.02   0.03 -0.11 -0.30  0.14 -0.37 -0.44        -0.81      0.37      1.00       -0.09
Wind Speed  -0.05  -0.04 -0.03  0.11 -0.14 -0.01 -0.46         0.16     -0.28     -0.09        1.00

====================================================================================================

📍 Ma trận tương quan - Trạm 'Hà Nội: 556 Nguyễn Văn Cừ (KK)' - Giờ 9.0:00

              AQI  PM2.5  PM10    CO  NO2    O3   SO2  Temperature  Humidity  Pressure  Wind Speed
AQI          1.00   1.00  0.96  0.56 -1.0  0.16  0.67        -0.47      0.62     -0.45        0.49
PM2.5        1.00   1.00  0.96  0.55 -1.0  0.16  0.67        -0.46      0.62     -0.45        0.49
PM10         0.96   0.96  1.00  0.51 -1.0  0.39  0.77        -0.30      0.54     -0.43        0.43
CO           0.56   0.55  0.51  1.00 -1.0 -0.12  0.63        -0.82      0.87     -0.40        0.25
NO2         -1.00  -1.00 -1.00 -1.00  1.0  1.00 -1.00         1.00     -1.00     -1.00       -1.00
O3           0.16   0.16  0.39 -0.12  1.0  1.00  0.52         0.59     -0.22     -0.13       -0.17
SO2          0.67   0.67  0.77  0.63 -1.0  0.52  1.00        -0.36      0.71     -0.62        0.37
Temperature -0.47  -0.46 -0.30 -0.82  1.0  0.59 -0.36         1.00     -0.90      0.38       -0.47
Humidity     0.62   0.62  0.54  0.87 -1.0 -0.22  0.71        -0.90      1.00     -0.50        0.58
Pressure    -0.45  -0.45 -0.43 -0.40 -1.0 -0.13 -0.62         0.38     -0.50      1.00        0.13
Wind Speed   0.49   0.49  0.43  0.25 -1.0 -0.17  0.37        -0.47      0.58      0.13        1.00

====================================================================================================

📍 Ma trận tương quan - Trạm 'Hà Nội: 556 Nguyễn Văn Cừ (KK)' - Giờ 10.0:00

              AQI  PM2.5  PM10    CO   NO2    O3   SO2  Temperature  Humidity  Pressure  Wind Speed
AQI          1.00   1.00  0.95  0.25  0.37 -0.29 -0.42         0.01     -0.21      0.01       -0.15
PM2.5        1.00   1.00  0.95  0.25  0.36 -0.29 -0.41         0.01     -0.21      0.01       -0.15
PM10         0.95   0.95  1.00  0.24  0.32 -0.22 -0.37         0.18     -0.28     -0.14       -0.19
CO           0.25   0.25  0.24  1.00 -0.49  0.22  0.14        -0.18      0.18     -0.18       -0.04
NO2          0.37   0.36  0.32 -0.49  1.00 -0.36 -0.42         0.06     -0.21      0.13       -0.28
O3          -0.29  -0.29 -0.22  0.22 -0.36  1.00  0.91         0.30      0.07     -0.18       -0.12
SO2         -0.42  -0.41 -0.37  0.14 -0.42  0.91  1.00         0.17      0.06     -0.36       -0.20
Temperature  0.01   0.01  0.18 -0.18  0.06  0.30  0.17         1.00     -0.56     -0.75        0.07
Humidity    -0.21  -0.21 -0.28  0.18 -0.21  0.07  0.06        -0.56      1.00      0.41       -0.23
Pressure     0.01   0.01 -0.14 -0.18  0.13 -0.18 -0.36        -0.75      0.41      1.00       -0.32
Wind Speed  -0.15  -0.15 -0.19 -0.04 -0.28 -0.12 -0.20         0.07     -0.23     -0.32        1.00

====================================================================================================

📍 Ma trận tương quan - Trạm 'Hà Nội: 556 Nguyễn Văn Cừ (KK)' - Giờ 11.0:00

              AQI  PM2.5  PM10    CO   NO2    O3   SO2  Temperature  Humidity  Pressure  Wind Speed
AQI          1.00   1.00  0.94  0.34  0.69 -0.11 -0.40        -0.11     -0.03      0.12       -0.31
PM2.5        1.00   1.00  0.94  0.34  0.68 -0.10 -0.41        -0.11     -0.02      0.13       -0.32
PM10         0.94   0.94  1.00  0.29  0.63 -0.08 -0.35         0.09     -0.15     -0.07       -0.29
CO           0.34   0.34  0.29  1.00 -0.46  0.29  0.13        -0.19      0.29     -0.10       -0.03
NO2          0.69   0.68  0.63 -0.46  1.00 -0.20 -0.52         0.00     -0.11      0.23       -0.30
O3          -0.11  -0.10 -0.08  0.29 -0.20  1.00  0.70         0.15      0.04     -0.13       -0.11
SO2         -0.40  -0.41 -0.35  0.13 -0.52  0.70  1.00        -0.04      0.11     -0.43       -0.14
Temperature -0.11  -0.11  0.09 -0.19  0.00  0.15 -0.04         1.00     -0.67     -0.77        0.12
Humidity    -0.03  -0.02 -0.15  0.29 -0.11  0.04  0.11        -0.67      1.00      0.40       -0.06
Pressure     0.12   0.13 -0.07 -0.10  0.23 -0.13 -0.43        -0.77      0.40      1.00       -0.34
Wind Speed  -0.31  -0.32 -0.29 -0.03 -0.30 -0.11 -0.14         0.12     -0.06     -0.34        1.00

====================================================================================================

📍 Ma trận tương quan - Trạm 'Hà Nội: 556 Nguyễn Văn Cừ (KK)' - Giờ 12.0:00

              AQI  PM2.5  PM10    CO   NO2    O3   SO2  Temperature  Humidity  Pressure  Wind Speed
AQI          1.00   1.00  0.95  0.09  0.82 -0.01 -0.49         0.09     -0.11      0.03       -0.14
PM2.5        1.00   1.00  0.94  0.10  0.80  0.00 -0.49         0.07     -0.08      0.06       -0.18
PM10         0.95   0.94  1.00  0.07  0.84  0.01 -0.47         0.22     -0.20     -0.13       -0.18
CO           0.09   0.10  0.07  1.00 -0.40  0.14  0.15        -0.33      0.36     -0.03       -0.09
NO2          0.82   0.80  0.84 -0.40  1.00 -0.11 -0.58         0.12     -0.15      0.21       -0.32
O3          -0.01   0.00  0.01  0.14 -0.11  1.00  0.78         0.15      0.11     -0.17       -0.06
SO2         -0.49  -0.49 -0.47  0.15 -0.58  0.78  1.00        -0.14      0.18     -0.36        0.18
Temperature  0.09   0.07  0.22 -0.33  0.12  0.15 -0.14         1.00     -0.68     -0.72        0.03
Humidity    -0.11  -0.08 -0.20  0.36 -0.15  0.11  0.18        -0.68      1.00      0.37       -0.04
Pressure     0.03   0.06 -0.13 -0.03  0.21 -0.17 -0.36        -0.72      0.37      1.00       -0.26
Wind Speed  -0.14  -0.18 -0.18 -0.09 -0.32 -0.06  0.18         0.03     -0.04     -0.26        1.00

====================================================================================================

📍 Ma trận tương quan - Trạm 'Hà Nội: 556 Nguyễn Văn Cừ (KK)' - Giờ 13.0:00

              AQI  PM2.5  PM10    CO   NO2    O3   SO2  Temperature  Humidity  Pressure  Wind Speed
AQI          1.00   1.00  0.94  0.07  0.69 -0.01 -0.49         0.20     -0.12      0.00       -0.16
PM2.5        1.00   1.00  0.93  0.07  0.68 -0.01 -0.49         0.20     -0.12      0.01       -0.16
PM10         0.94   0.93  1.00  0.04  0.75  0.04 -0.46         0.31     -0.19     -0.14       -0.25
CO           0.07   0.07  0.04  1.00 -0.06  0.05  0.20        -0.37      0.33      0.00        0.03
NO2          0.69   0.68  0.75 -0.06  1.00 -0.09 -0.58         0.08     -0.11      0.26       -0.48
O3          -0.01  -0.01  0.04  0.05 -0.09  1.00  0.89         0.15      0.07     -0.14        0.07
SO2         -0.49  -0.49 -0.46  0.20 -0.58  0.89  1.00        -0.17      0.31     -0.26        0.38
Temperature  0.20   0.20  0.31 -0.37  0.08  0.15 -0.17         1.00     -0.64     -0.74        0.06
Humidity    -0.12  -0.12 -0.19  0.33 -0.11  0.07  0.31        -0.64      1.00      0.43        0.03
Pressure     0.00   0.01 -0.14  0.00  0.26 -0.14 -0.26        -0.74      0.43      1.00       -0.16
Wind Speed  -0.16  -0.16 -0.25  0.03 -0.48  0.07  0.38         0.06      0.03     -0.16        1.00

====================================================================================================

📍 Ma trận tương quan - Trạm 'Hà Nội: 556 Nguyễn Văn Cừ (KK)' - Giờ 14.0:00

              AQI  PM2.5  PM10    CO   NO2    O3   SO2  Temperature  Humidity  Pressure  Wind Speed
AQI          1.00   1.00  0.96  0.19  0.71 -0.09 -0.57         0.18     -0.20      0.05       -0.30
PM2.5        1.00   1.00  0.96  0.18  0.70 -0.09 -0.57         0.17     -0.19      0.05       -0.29
PM10         0.96   0.96  1.00  0.20  0.74 -0.04 -0.58         0.15     -0.13      0.02       -0.32
CO           0.19   0.18  0.20  1.00  0.19  0.08  0.10        -0.40      0.35      0.08        0.07
NO2          0.71   0.70  0.74  0.19  1.00 -0.11 -0.70        -0.08      0.06      0.54       -0.43
O3          -0.09  -0.09 -0.04  0.08 -0.11  1.00  0.92         0.11      0.11     -0.20        0.03
SO2         -0.57  -0.57 -0.58  0.10 -0.70  0.92  1.00        -0.17      0.33     -0.31        0.41
Temperature  0.18   0.17  0.15 -0.40 -0.08  0.11 -0.17         1.00     -0.66     -0.66       -0.23
Humidity    -0.20  -0.19 -0.13  0.35  0.06  0.11  0.33        -0.66      1.00      0.31        0.16
Pressure     0.05   0.05  0.02  0.08  0.54 -0.20 -0.31        -0.66      0.31      1.00       -0.04
Wind Speed  -0.30  -0.29 -0.32  0.07 -0.43  0.03  0.41        -0.23      0.16     -0.04        1.00

====================================================================================================

📍 Ma trận tương quan - Trạm 'Hà Nội: 556 Nguyễn Văn Cừ (KK)' - Giờ 15.0:00

              AQI  PM2.5  PM10    CO   NO2    O3   SO2  Temperature  Humidity  Pressure  Wind Speed
AQI          1.00   1.00  0.95  0.16  0.68 -0.20 -0.63         0.13     -0.20      0.01        0.07
PM2.5        1.00   1.00  0.95  0.16  0.67 -0.20 -0.63         0.13     -0.21      0.02        0.07
PM10         0.95   0.95  1.00  0.22  0.67 -0.16 -0.69         0.02     -0.08      0.09        0.08
CO           0.16   0.16  0.22  1.00  0.04  0.04  0.21        -0.43      0.39      0.10        0.16
NO2          0.68   0.67  0.67  0.04  1.00 -0.22 -0.63        -0.12      0.07      0.59       -0.29
O3          -0.20  -0.20 -0.16  0.04 -0.22  1.00  0.94         0.12      0.18     -0.22        0.03
SO2         -0.63  -0.63 -0.69  0.21 -0.63  0.94  1.00        -0.07      0.37     -0.28        0.04
Temperature  0.13   0.13  0.02 -0.43 -0.12  0.12 -0.07         1.00     -0.67     -0.65       -0.28
Humidity    -0.20  -0.21 -0.08  0.39  0.07  0.18  0.37        -0.67      1.00      0.30        0.26
Pressure     0.01   0.02  0.09  0.10  0.59 -0.22 -0.28        -0.65      0.30      1.00       -0.05
Wind Speed   0.07   0.07  0.08  0.16 -0.29  0.03  0.04        -0.28      0.26     -0.05        1.00

====================================================================================================

📍 Ma trận tương quan - Trạm 'Hà Nội: 556 Nguyễn Văn Cừ (KK)' - Giờ 16.0:00

              AQI  PM2.5  PM10    CO   NO2    O3   SO2  Temperature  Humidity  Pressure  Wind Speed
AQI          1.00   1.00  0.96  0.26  0.37 -0.28 -0.61         0.03     -0.20     -0.01        0.56
PM2.5        1.00   1.00  0.96  0.26  0.37 -0.28 -0.61         0.03     -0.20     -0.01        0.56
PM10         0.96   0.96  1.00  0.38  0.36 -0.18 -0.57        -0.05     -0.09     -0.00        0.60
CO           0.26   0.26  0.38  1.00 -0.09 -0.01  0.24        -0.38      0.33      0.08        0.22
NO2          0.37   0.37  0.36 -0.09  1.00 -0.21 -0.40        -0.04      0.08      0.37       -0.10
O3          -0.28  -0.28 -0.18 -0.01 -0.21  1.00  0.91         0.09      0.16     -0.24       -0.18
SO2         -0.61  -0.61 -0.57  0.24 -0.40  0.91  1.00         0.09      0.22     -0.28       -0.39
Temperature  0.03   0.03 -0.05 -0.38 -0.04  0.09  0.09         1.00     -0.67     -0.70       -0.22
Humidity    -0.20  -0.20 -0.09  0.33  0.08  0.16  0.22        -0.67      1.00      0.39        0.20
Pressure    -0.01  -0.01 -0.00  0.08  0.37 -0.24 -0.28        -0.70      0.39      1.00        0.03
Wind Speed   0.56   0.56  0.60  0.22 -0.10 -0.18 -0.39        -0.22      0.20      0.03        1.00

====================================================================================================

📍 Ma trận tương quan - Trạm 'Hà Nội: 556 Nguyễn Văn Cừ (KK)' - Giờ 17.0:00

              AQI  PM2.5  PM10    CO   NO2    O3   SO2  Temperature  Humidity  Pressure  Wind Speed
AQI          1.00   1.00  0.96  0.35  0.29 -0.37 -0.60         0.01     -0.20      0.07        0.60
PM2.5        1.00   1.00  0.96  0.35  0.29 -0.37 -0.60         0.01     -0.20      0.07        0.60
PM10         0.96   0.96  1.00  0.43  0.28 -0.24 -0.56        -0.08     -0.09      0.05        0.59
CO           0.35   0.35  0.43  1.00 -0.05 -0.04  0.19        -0.32      0.22      0.14       -0.00
NO2          0.29   0.29  0.28 -0.05  1.00 -0.19 -0.24         0.16      0.00      0.09       -0.17
O3          -0.37  -0.37 -0.24 -0.04 -0.19  1.00  0.88         0.10      0.03     -0.22       -0.23
SO2         -0.60  -0.60 -0.56  0.19 -0.24  0.88  1.00         0.15      0.18     -0.23       -0.41
Temperature  0.01   0.01 -0.08 -0.32  0.16  0.10  0.15         1.00     -0.61     -0.71       -0.12
Humidity    -0.20  -0.20 -0.09  0.22  0.00  0.03  0.18        -0.61      1.00      0.37        0.05
Pressure     0.07   0.07  0.05  0.14  0.09 -0.22 -0.23        -0.71      0.37      1.00        0.09
Wind Speed   0.60   0.60  0.59 -0.00 -0.17 -0.23 -0.41        -0.12      0.05      0.09        1.00

====================================================================================================

📍 Ma trận tương quan - Trạm 'Hà Nội: 556 Nguyễn Văn Cừ (KK)' - Giờ 18.0:00

              AQI  PM2.5  PM10    CO   NO2    O3   SO2  Temperature  Humidity  Pressure  Wind Speed
AQI          1.00   0.94  0.92  0.21 -0.01 -0.04 -0.36        -0.12     -0.07      0.21        0.54
PM2.5        0.94   1.00  0.95  0.24 -0.00 -0.32 -0.41        -0.07     -0.14      0.23        0.53
PM10         0.92   0.95  1.00  0.30  0.02 -0.19 -0.37        -0.17     -0.00      0.19        0.52
CO           0.21   0.24  0.30  1.00  0.42 -0.12  0.49        -0.19      0.16     -0.14       -0.03
NO2         -0.01  -0.00  0.02  0.42  1.00 -0.19  0.63         0.15      0.04      0.06       -0.71
O3          -0.04  -0.32 -0.19 -0.12 -0.19  1.00  0.65         0.04      0.11     -0.20        0.00
SO2         -0.36  -0.41 -0.37  0.49  0.63  0.65  1.00         0.32      0.09     -0.23       -0.44
Temperature -0.12  -0.07 -0.17 -0.19  0.15  0.04  0.32         1.00     -0.58     -0.65       -0.21
Humidity    -0.07  -0.14 -0.00  0.16  0.04  0.11  0.09        -0.58      1.00      0.24        0.11
Pressure     0.21   0.23  0.19 -0.14  0.06 -0.20 -0.23        -0.65      0.24      1.00        0.08
Wind Speed   0.54   0.53  0.52 -0.03 -0.71  0.00 -0.44        -0.21      0.11      0.08        1.00

====================================================================================================

📍 Ma trận tương quan - Trạm 'Hà Nội: 556 Nguyễn Văn Cừ (KK)' - Giờ 19.0:00

              AQI  PM2.5  PM10    CO   NO2    O3   SO2  Temperature  Humidity  Pressure  Wind Speed
AQI          1.00   0.97  0.96  0.04  0.13 -0.04 -0.41        -0.28      0.19      0.44        0.53
PM2.5        0.97   1.00  0.97  0.05  0.18 -0.22 -0.41        -0.28      0.19      0.46        0.50
PM10         0.96   0.97  1.00  0.07  0.17 -0.09 -0.39        -0.31      0.28      0.42        0.52
CO           0.04   0.05  0.07  1.00  0.09 -0.05  0.46        -0.22      0.14     -0.09       -0.15
NO2          0.13   0.18  0.17  0.09  1.00 -0.08  0.43         0.14      0.06      0.05       -0.46
O3          -0.04  -0.22 -0.09 -0.05 -0.08  1.00  0.57         0.15     -0.07     -0.21        0.12
SO2         -0.41  -0.41 -0.39  0.46  0.43  0.57  1.00         0.26      0.11     -0.22       -0.60
Temperature -0.28  -0.28 -0.31 -0.22  0.14  0.15  0.26         1.00     -0.50     -0.63       -0.25
Humidity     0.19   0.19  0.28  0.14  0.06 -0.07  0.11        -0.50      1.00      0.39        0.10
Pressure     0.44   0.46  0.42 -0.09  0.05 -0.21 -0.22        -0.63      0.39      1.00        0.11
Wind Speed   0.53   0.50  0.52 -0.15 -0.46  0.12 -0.60        -0.25      0.10      0.11        1.00

====================================================================================================

📍 Ma trận tương quan - Trạm 'Hà Nội: 556 Nguyễn Văn Cừ (KK)' - Giờ 20.0:00

              AQI  PM2.5  PM10    CO   NO2    O3   SO2  Temperature  Humidity  Pressure  Wind Speed
AQI          1.00   1.00  0.97 -0.12  0.20 -0.20 -0.35        -0.53      0.35      0.53        0.63
PM2.5        1.00   1.00  0.97 -0.12  0.20 -0.21 -0.36        -0.51      0.30      0.51        0.62
PM10         0.97   0.97  1.00 -0.13  0.12 -0.11 -0.36        -0.56      0.42      0.52        0.61
CO          -0.12  -0.12 -0.13  1.00  0.62  0.06  0.69         0.27     -0.05     -0.40       -0.39
NO2          0.20   0.20  0.12  0.62  1.00 -0.23  0.48         0.39     -0.16     -0.18       -0.56
O3          -0.20  -0.21 -0.11  0.06 -0.23  1.00  0.69         0.23      0.01     -0.17       -0.03
SO2         -0.35  -0.36 -0.36  0.69  0.48  0.69  1.00         0.35      0.09     -0.28       -0.57
Temperature -0.53  -0.51 -0.56  0.27  0.39  0.23  0.35         1.00     -0.44     -0.72       -0.39
Humidity     0.35   0.30  0.42 -0.05 -0.16  0.01  0.09        -0.44      1.00      0.30        0.08
Pressure     0.53   0.51  0.52 -0.40 -0.18 -0.17 -0.28        -0.72      0.30      1.00        0.34
Wind Speed   0.63   0.62  0.61 -0.39 -0.56 -0.03 -0.57        -0.39      0.08      0.34        1.00

====================================================================================================

📍 Ma trận tương quan - Trạm 'Hà Nội: 556 Nguyễn Văn Cừ (KK)' - Giờ 21.0:00

              AQI  PM2.5  PM10    CO   NO2    O3   SO2  Temperature  Humidity  Pressure  Wind Speed
AQI          1.00   0.99  0.95 -0.29  0.27 -0.22 -0.31        -0.52      0.39      0.45        0.44
PM2.5        0.99   1.00  0.93 -0.29  0.29 -0.24 -0.31        -0.50      0.35      0.43        0.45
PM10         0.95   0.93  1.00 -0.26  0.19 -0.17 -0.30        -0.59      0.43      0.48        0.45
CO          -0.29  -0.29 -0.26  1.00  0.63 -0.07  0.66         0.56     -0.29     -0.45       -0.49
NO2          0.27   0.29  0.19  0.63  1.00 -0.36  0.31         0.39     -0.21     -0.26       -0.42
O3          -0.22  -0.24 -0.17 -0.07 -0.36  1.00  0.58         0.33      0.08     -0.18       -0.10
SO2         -0.31  -0.31 -0.30  0.66  0.31  0.58  1.00         0.38      0.15     -0.21       -0.51
Temperature -0.52  -0.50 -0.59  0.56  0.39  0.33  0.38         1.00     -0.35     -0.71       -0.47
Humidity     0.39   0.35  0.43 -0.29 -0.21  0.08  0.15        -0.35      1.00      0.24        0.02
Pressure     0.45   0.43  0.48 -0.45 -0.26 -0.18 -0.21        -0.71      0.24      1.00        0.27
Wind Speed   0.44   0.45  0.45 -0.49 -0.42 -0.10 -0.51        -0.47      0.02      0.27        1.00

====================================================================================================

📍 Ma trận tương quan - Trạm 'Hà Nội: 556 Nguyễn Văn Cừ (KK)' - Giờ 22.0:00

              AQI  PM2.5  PM10    CO   NO2    O3   SO2  Temperature  Humidity  Pressure  Wind Speed
AQI          1.00   0.99  0.92 -0.03  0.48 -0.25 -0.35        -0.37      0.39      0.34        0.20
PM2.5        0.99   1.00  0.94 -0.04  0.44 -0.22 -0.36        -0.44      0.46      0.39        0.22
PM10         0.92   0.94  1.00  0.12  0.52 -0.23 -0.30        -0.43      0.40      0.34        0.21
CO          -0.03  -0.04  0.12  1.00  0.64 -0.15  0.57         0.31      0.03     -0.33       -0.49
NO2          0.48   0.44  0.52  0.64  1.00 -0.35  0.05         0.28     -0.03     -0.20       -0.21
O3          -0.25  -0.22 -0.23 -0.15 -0.35  1.00  0.54         0.30      0.02     -0.16       -0.08
SO2         -0.35  -0.36 -0.30  0.57  0.05  0.54  1.00         0.51      0.11     -0.14       -0.56
Temperature -0.37  -0.44 -0.43  0.31  0.28  0.30  0.51         1.00     -0.24     -0.71       -0.35
Humidity     0.39   0.46  0.40  0.03 -0.03  0.02  0.11        -0.24      1.00      0.15        0.05
Pressure     0.34   0.39  0.34 -0.33 -0.20 -0.16 -0.14        -0.71      0.15      1.00        0.14
Wind Speed   0.20   0.22  0.21 -0.49 -0.21 -0.08 -0.56        -0.35      0.05      0.14        1.00

====================================================================================================

📍 Ma trận tương quan - Trạm 'Hà Nội: 556 Nguyễn Văn Cừ (KK)' - Giờ 23.0:00

              AQI  PM2.5  PM10    CO   NO2    O3   SO2  Temperature  Humidity  Pressure  Wind Speed
AQI          1.00   0.99  0.95 -0.12  0.32 -0.15 -0.18         0.01      0.22     -0.02       -0.03
PM2.5        0.99   1.00  0.94 -0.13  0.30 -0.13 -0.18        -0.05      0.30      0.04       -0.01
PM10         0.95   0.94  1.00  0.04  0.42 -0.15 -0.07        -0.01      0.17     -0.03       -0.06
CO          -0.12  -0.13  0.04  1.00  0.47 -0.10  0.55         0.10      0.17     -0.26       -0.31
NO2          0.32   0.30  0.42  0.47  1.00 -0.46 -0.07         0.08      0.10     -0.10       -0.17
O3          -0.15  -0.13 -0.15 -0.10 -0.46  1.00  0.71         0.32      0.03     -0.20       -0.07
SO2         -0.18  -0.18 -0.07  0.55 -0.07  0.71  1.00         0.40      0.05     -0.17       -0.59
Temperature  0.01  -0.05 -0.01  0.10  0.08  0.32  0.40         1.00     -0.13     -0.73       -0.19
Humidity     0.22   0.30  0.17  0.17  0.10  0.03  0.05        -0.13      1.00     -0.00        0.06
Pressure    -0.02   0.04 -0.03 -0.26 -0.10 -0.20 -0.17        -0.73     -0.00      1.00        0.02
Wind Speed  -0.03  -0.01 -0.06 -0.31 -0.17 -0.07 -0.59        -0.19      0.06      0.02        1.00

====================================================================================================
